mu = 0.78319
sigma = 0.576007
delta = 1.89875
tuned_acceptance = 0.595
